"","V1","V2","V3","V4","V5","V6","V7","V8","V9","V10","V11","V12","V13"
"A160S92C.03",0.120820974945416,1.92741981366449e-09,1.33342522537428e-36,0.879179023054892,2.71466738194587e-27,1.2681545947599e-32,1.10331477121611e-60,3.44051443307666e-21,7.2272311493171e-11,2.05866700991541e-26,2.74845398670209e-46,7.55476508082767e-56,2.32642682125674e-62
"A160T87G.03",0.723209546546921,0.000233615995618871,5.62379390696122e-25,0.276552973952041,1.21211326660891e-18,5.53779081213366e-26,4.01953734793787e-49,2.16490293392537e-17,3.86350541934227e-06,8.86271767067236e-17,3.57423649106114e-38,3.36879877212937e-49,2.71738999010426e-53
"A160V6NC.03",0.120241766457354,5.73564314631069e-09,3.99131431123281e-37,0.87975822770815,1.73217924767965e-28,3.63147314495336e-32,2.08036486690501e-61,8.92777578329347e-22,9.88529995762309e-11,5.92816519827716e-26,1.39363564186879e-47,2.63698014609401e-56,7.07831792250471e-66
"A160VR99.03",0.00149562641014053,4.3302955015053e-12,5.61193681606217e-40,0.998504373585068,3.7242744781078e-31,4.76290519037609e-35,5.80894721810536e-65,2.04877889120945e-23,4.61246237344167e-13,2.53378272059484e-29,2.02604155177317e-50,1.60263940788356e-58,2.43963302347536e-67
"A160WGVD.03",1.22856053503799e-39,1.7274288940194e-21,2.45641764575386e-05,7.44419026351681e-59,4.28665380138439e-22,6.55428751157282e-09,5.06111237622012e-28,0.999951705934596,8.17249883119234e-15,2.37233346506033e-05,5.586015948487e-34,7.7377731118807e-20,3.6747450621031e-35
"A160WKRM.03",0.525000820085384,3.79293601390016e-09,6.90305786268951e-37,0.474999176049023,1.23666633696782e-28,7.54753038940611e-33,5.17296540607531e-62,6.09953328393998e-21,7.26570612736582e-11,1.36656989884279e-25,1.12982490260489e-48,1.35190389847996e-56,9.36238834919889e-65
"A160WR8B.03",4.8253358239334e-25,8.47338589408288e-13,0.095829320023198,9.1002867827289e-31,4.73398477356723e-10,3.42905784640653e-05,2.89812905163628e-22,0.904120053701819,3.30767987264492e-06,1.30275423999549e-05,3.67325119258108e-17,3.8905023933309e-20,2.90962068615128e-28
"B160S0BW.03",1.2208646628069e-24,1.2961368708003e-10,0.000449268281988878,1.2607591312042e-39,7.98027607813133e-10,3.48074126993126e-11,1.56164530343486e-21,9.56692614539094e-05,3.60191534923228e-09,0.999455057892193,4.09383033481572e-24,1.97356590852989e-24,2.1546716370003e-18
"B160ST6B.03",0.999953951889874,4.07311216949755e-05,5.12655206924895e-28,5.18846645086599e-06,1.26960699467023e-19,2.62477858023752e-25,3.50798835802043e-49,2.85858936719646e-16,1.28521979347144e-07,5.68344063132e-17,1.16128214082229e-37,1.99628334443915e-47,1.64073206102053e-53
"B160SXJW.03",0.999476399904091,0.000256458132056662,6.49640132786279e-33,0.000266869184466681,3.1975764923023e-22,5.75323627555822e-29,3.84175419197966e-57,7.53080465675457e-18,2.72779385891903e-07,1.74377622206021e-17,2.43166240938853e-43,2.86257913729981e-52,4.71735154013209e-63
"B160SZ8D.03",0.000461093602130085,0.999379360649653,1.06190223359687e-15,3.17508177462301e-13,1.30269165158773e-06,1.06859663755549e-19,3.1622171041092e-30,2.8741124867503e-14,0.000157524261880588,7.18794337194611e-07,1.42684227418207e-19,8.11326589050707e-39,2.39024832915363e-39
"B160T0BD.03",0.000178038137896262,0.998721124676313,4.81897247338983e-16,1.00311976878505e-14,4.8005189991581e-07,2.48766184860045e-18,5.72906410167837e-31,9.78913996879191e-15,0.00109788416920468,2.47296466534916e-06,2.19057656798739e-20,2.0717370410927e-39,2.04022442967709e-38
"B160TKLW.03",0.975411674187165,0.0245882346405869,2.72297273169361e-31,3.03651122468997e-09,2.99088098911362e-23,8.81503129424131e-29,2.97851777948268e-57,9.77501477729872e-21,8.81357353027568e-08,1.68824626446747e-15,5.23946358694025e-46,9.07582739571519e-55,3.56613262033645e-62
"B160TKNY.03",0.96856165477934,0.0305542079546936,2.86467812227693e-25,0.000882793800356792,2.65108141663181e-18,5.73125538211086e-26,4.75601914147744e-51,4.86080110665371e-17,1.34346537326902e-06,2.35973434190493e-13,2.6591048386976e-39,2.14267215937983e-51,6.06072407636938e-42
"B160TS97.03",0.957439287379417,0.042482248146874,7.21950375950294e-29,2.84329143397618e-09,1.84627543619303e-19,9.11242976516877e-24,3.25083367630499e-53,5.39747199783225e-13,7.8461543274821e-05,8.66026015978059e-11,9.20181200637316e-45,1.61881293072315e-47,4.06557144518923e-47
"B160TZF6.03",2.16912558863931e-39,8.26191149079196e-23,0.00341987880549455,3.67734502135453e-54,8.05833637704392e-05,0.000187971965552302,0.965677941553905,2.18014820265421e-10,1.03355679359987e-13,4.01074574599981e-13,0.0306336239555663,1.37192636828957e-10,5.45016225443622e-21
"B160VGVK.03",3.36924952891403e-05,8.39653344001378e-12,2.46601941457608e-37,0.999966307496234,2.16486215366587e-27,4.4691924336173e-34,3.55842905028816e-57,3.68861312644221e-25,8.03999158105672e-14,9.08368324084126e-29,4.91767739696862e-44,2.70302647348178e-56,1.71266888373771e-63
"C160QF9Z.03",0.926585689828559,2.05944966242888e-08,1.23632284663137e-37,0.0734142895406509,7.94730637882072e-29,6.84608761720257e-34,8.43407613562349e-64,1.50450054167751e-22,3.62939230511219e-11,2.91534036852694e-25,1.22321976595326e-49,3.91820379480807e-59,4.93801824279707e-67
"C160QX72.03",0.000447673807653361,0.999551705371493,1.13208586199738e-19,1.22067904452641e-16,8.51561786909797e-15,8.6983449857231e-24,5.09501594908138e-43,2.57355376859864e-13,4.12769289659348e-07,2.08051298212726e-07,4.16825607994999e-35,1.81097345484038e-43,1.20169795240395e-48
"C160SMD9.03",0.999719639322745,4.10759658405606e-06,7.53563500896618e-33,0.000276224948779468,3.03512259547989e-23,4.81843267996565e-30,2.34519143458595e-58,1.13348522117746e-18,2.81318917755294e-08,7.16570418389383e-20,8.85596597536337e-43,2.58042660284821e-53,5.34731079732078e-59
"C160V12C.03",1.97840035944858e-05,1.90192114045557e-13,6.98927234832513e-41,0.999980215996169,1.47276946742547e-31,5.55159484926725e-36,8.97926047878373e-66,6.80146841408003e-25,4.62405068825794e-14,1.52826793743238e-30,4.37977025127124e-50,1.38289418362553e-59,7.40942566847549e-68
"C160VFKP.03",1.12975335072447e-31,7.99041159708843e-14,0.995040271553971,4.09327907771178e-47,0.000268362155521798,0.00289821021354562,9.36831963162865e-13,3.48207379972769e-06,0.000529213241673825,0.0012604607120074,4.84635637096099e-11,1.87654248154475e-17,5.94933034520527e-28
"C160VJ9X.03",3.97887599473985e-52,6.07339795071092e-31,0.191501137323484,5.2047350507604e-67,2.28557425003234e-09,0.807987853378932,0.000319266039113203,7.52292552900019e-08,8.90510926540629e-15,9.12645538572556e-12,1.43533957071809e-09,0.000191664299165977,3.50993964753664e-23
"C160W558.03",3.82531262891665e-41,4.03758311609786e-22,0.99980934232226,1.23648330185731e-57,1.19902237062578e-09,0.000189923087536554,1.83621481582245e-07,5.30897507666878e-07,5.55835600880716e-12,1.84992169150687e-08,3.63144579905404e-10,4.27222412697064e-12,1.09159691258727e-24
"C160WZB3.03",8.36271167606705e-29,7.12105564285656e-15,0.908217769696817,6.96972906893572e-45,0.0149915384426694,0.0767276698393453,3.37074007319362e-09,4.14098632061992e-05,1.45712209173901e-06,2.54666203260434e-07,1.98969988885015e-05,3.14250747289913e-14,7.48785319137832e-19
"C160X0PB.03",9.50576877151921e-73,5.31939110174837e-42,0.943297165385169,1.09991985395382e-87,4.93972510739214e-16,9.24839034497866e-05,0.0017083154758942,2.46944321126828e-12,1.53155990570125e-25,3.33174111998774e-16,4.19693224763483e-15,0.0549020352330128,2.00072377486414e-30
"D160SJDG.03",0.999979030080319,1.32053923624446e-05,6.40959544046887e-31,7.44213979223568e-06,4.42683229443847e-20,3.07112035358531e-28,2.73228228923681e-53,1.76439934786517e-17,3.22387526810103e-07,5.32239265862763e-19,1.94249784460725e-36,2.53189407639605e-51,5.3218292166964e-54
"D160SXHZ.03",0.650161252028435,3.36394391033159e-05,2.60740148946425e-34,0.34980509943686,5.01955206771461e-27,7.64701643266831e-31,1.34343984108391e-60,1.10691356279101e-18,9.09560138558080e-09,3.23089933409165e-20,1.32437851812057e-48,2.14312415194226e-54,2.22335189768444e-62
"D160T4S6.03",0.957092072352585,2.84054564627062e-05,4.2119517414043e-29,0.0428794962224619,5.97588312740385e-22,2.79646166247683e-28,2.93122121231201e-54,1.99206156286054e-20,2.59684905371603e-08,1.30881532968764e-18,2.86872501438571e-40,6.09427146189132e-52,2.52613256665037e-59
"D160TFHY.03",0.996273392175413,0.000858005425573228,2.50120918156558e-27,0.00286856697231416,2.85776294149265e-22,3.82429523504995e-27,1.30201131493311e-54,1.87880053975275e-17,3.5426698654148e-08,4.64255285577519e-16,2.88374238845571e-43,1.62676131885023e-53,6.54096007872237e-51
"D160TFQB.03",4.5659286512154e-05,0.996503311294436,2.15276487397617e-12,1.70800312144165e-18,6.20692882645447e-08,3.93709006530342e-14,1.16545556695872e-29,1.20149577076976e-10,0.00305758220951548,0.000393385017906649,9.50635320665797e-21,5.81613274624714e-35,3.18887947565346e-36
"D160VJ8Y.03",2.52601080136576e-66,5.57970796908129e-39,0.999658354575908,7.26149117474211e-80,5.69403858923828e-19,0.000126076943035001,8.74301071480534e-09,9.46060843919118e-09,7.75073638511593e-24,1.18064594202982e-15,3.0271189771231e-19,0.000215550277436836,2.47974081158718e-25
"D160VJGB.03",0.753240144299497,9.98278475510682e-05,1.35299649961172e-28,0.246659954534189,2.10451777870941e-19,1.20589814721822e-26,3.47164850450981e-48,2.36008743998699e-18,7.3318762307208e-08,1.92223802299558e-19,1.45351219812214e-37,3.96887979852143e-48,1.2412058201095e-54
"D160VNF3.03",5.45402900718757e-26,3.59042898252795e-10,7.64481905913556e-06,1.27974639307164e-43,2.59817996867206e-09,1.55260422029319e-11,2.80524592402727e-21,2.1180938452742e-09,3.32531190784434e-09,0.999992346764786,1.13416681622186e-20,1.05947519876784e-28,2.15726750635091e-29
"D160W024.03",1.40536072819598e-67,2.02042264419576e-41,0.0801366173792636,2.9565065843221e-86,2.60941820824138e-15,0.000184456204498544,0.108597088788884,1.78390947296044e-11,3.73008258874038e-24,4.78818175658709e-16,5.24945179898692e-14,0.81108183760946,4.44564840190856e-25
"D160W8D2.03",0.641715632547532,3.99464822886032e-09,2.22418524839626e-37,0.358284363380183,3.18599591317464e-29,4.33073944665174e-33,7.98198737623572e-63,1.02229242929569e-20,7.76364087863861e-11,7.05864771937393e-26,1.58859134094805e-49,1.01277698009295e-56,2.91821911697803e-65
"E160QT0M.03",0.818364810163063,0.181635165147988,8.78151463381135e-23,4.79379339694664e-10,5.71022274887523e-15,8.13764272499955e-26,2.67916432319537e-43,4.20009957688158e-19,2.42024905234146e-08,7.07354315585868e-12,5.12919428684512e-35,4.07192047010057e-47,3.84671972360371e-52
"E160QV4B.03",0.0347237585641644,0.965276150999262,1.04186666895539e-19,3.32087112390377e-12,1.2046957660909e-11,3.73402234550608e-24,4.50166878622947e-36,1.1108851108857e-18,8.91109654700284e-08,1.31024031490268e-09,3.36311866529446e-29,1.26795405860441e-43,9.08553159144076e-48
"E160R9VS.03",2.37332260655835e-16,0.000242698165552103,9.68214050657869e-09,8.01268522585251e-32,1.43357128787032e-07,5.34722917964472e-15,1.9934024201024e-23,6.33869300419766e-08,4.88500322915191e-06,0.999752200401079,2.97014076807381e-22,4.72826869369265e-29,3.93456483337729e-12
"E160SWNP.03",0.198635018373715,0.800403208045159,2.3842167554757e-17,1.56921907337552e-09,4.28969697604618e-10,5.47288786770314e-18,7.6895817747437e-37,9.04487070980556e-12,0.000961701000603827,7.05732877774844e-08,1.2963367677764e-25,5.71993479440732e-40,1.1976202630881e-41
"E160SYKG.03",6.16088830116532e-53,3.11326013419045e-29,0.99999995688256,2.43713405415779e-68,3.44968589531617e-13,1.04975932448097e-08,3.42015402191389e-10,3.14028284455281e-08,5.9183760983797e-19,8.71381637846868e-10,3.41860420226397e-15,2.07541650913153e-12,1.19738855359777e-12
"E160TCCG.03",0.994494982838867,0.000188098412106349,6.16668000255895e-30,0.00531691463807761,2.33422526500931e-24,4.17374373056405e-30,2.11541572580894e-57,2.84485168844065e-19,4.11094887426574e-09,3.21859105625898e-18,4.42162276143556e-46,7.2906385544804e-56,3.67975050457454e-61
"E160TJ7H.03",0.54525695603847,0.454720620585333,3.13696269072694e-22,6.03330273830551e-06,5.61501276689042e-16,2.36824328814305e-24,1.00152415964481e-46,4.45453698698628e-16,1.63899660390015e-05,1.07419012604495e-10,2.78319953626626e-37,3.94944645867807e-49,6.2842872129441e-40
"E160TZHX.03",3.74370889088589e-63,5.97634997855998e-39,3.2719474811427e-05,1.88640884418488e-80,7.40355150100844e-14,2.81765454558432e-08,0.999966394944933,1.52636009595874e-15,1.08692674322479e-26,1.5412442252413e-18,4.18163821271973e-09,8.5322199669377e-07,9.86051427567798e-29
"E160V3J5.03",0.0619226178357217,1.38074875204436e-08,1.71177205557219e-34,0.938077368299243,1.11520162556546e-24,1.99652288176393e-31,4.88583916772044e-55,3.12815147032174e-21,5.75479324017608e-11,9.8990522062931e-25,4.05444416441543e-43,1.52729901759894e-53,4.94478010165967e-61
"E160W921.03",4.55769792298169e-42,7.94657823913572e-25,0.999441503190462,1.67075823662041e-57,2.26129538246323e-10,0.000556718699530145,2.61009605161048e-10,1.77358130520601e-06,1.83765381905631e-12,4.03880991563881e-09,7.78283986859232e-13,1.38050921425191e-13,1.58221379364132e-28
"F160QPHJ.03",0.998516294104652,0.00147319840211463,4.74153254796274e-27,1.03743937842482e-05,9.24341018617734e-18,3.4773397334682e-26,1.60235609306631e-47,2.87721437816368e-19,1.3309944872723e-07,6.71307792697842e-16,4.33105194244696e-36,9.17006236809165e-48,4.42692688254231e-55
"F160SW9Y.03",0.000211951768550421,1.10102778471713e-11,3.73778938689764e-39,0.999788048215391,4.57770992473067e-30,3.54870595436469e-34,1.49887366382519e-63,1.30482412413753e-23,5.04878170008318e-12,1.7006911016127e-28,1.98543653844677e-48,1.55075468517621e-57,1.4089563172203e-66
"F160T19B.03",0.000874707248786147,2.2027270757304e-10,2.75795062230772e-36,0.999125292477552,7.02315954023835e-29,3.39608801883333e-33,1.32599159799624e-62,8.56267499135684e-21,5.33892353600498e-11,4.68409754624187e-26,2.96159755370874e-48,6.63593478488651e-57,1.22285906644039e-62
"F160T2W5.03",0.965504146826204,4.79013539306721e-06,1.29113776090062e-30,0.034491017171477,1.26234110416963e-24,6.17393409347535e-30,8.50461054251228e-57,5.78896714581051e-20,4.58669258002958e-08,1.07859454919337e-20,1.4118212781704e-44,2.47457484236786e-54,1.48554605957711e-60
"F160TB8S.03",3.70311118983124e-06,0.999996151352273,2.76961173069968e-18,9.52301038030253e-22,2.17475589444905e-09,2.22989741838897e-23,7.29089658622256e-37,1.36217877554585e-18,4.02481814241001e-09,1.39336963440581e-07,1.87658866306398e-27,9.75605821894255e-44,1.40183428448433e-48
"F160THLK.03",6.34888966955009e-49,3.24713331658977e-27,0.994802652422989,4.41466346633938e-65,3.27065856820694e-11,0.00518215989779105,2.40708061005012e-09,1.51840110182868e-05,9.75049979222557e-16,1.22541245242363e-09,1.83440094413261e-19,3.00084365957951e-12,9.05166434370792e-17
"F160TWTF.03",0.0458489552368041,0.952921761862642,1.20277851281206e-16,1.77286729718304e-13,5.75416040864108e-16,2.28138380059629e-19,1.70242072271666e-45,2.37159590226181e-08,0.00122811013426443,1.1490501526286e-06,2.56379230066959e-37,2.92702248715093e-42,1.20907634273359e-43
"F160V10K.03",0.994505086038686,0.00461053243430003,1.03741225314596e-24,1.15932778575111e-05,4.74626127235876e-20,1.276815665873e-23,8.88029615806505e-52,2.38722029853607e-13,0.000872788248705351,2.12782062328769e-13,2.85257268727329e-39,2.66473900119475e-46,2.67862965089938e-54
"F160VWNY.03",1.30815828267878e-23,1.19277757675528e-07,3.89208888373321e-06,6.86170558543747e-38,4.96237169464452e-07,4.17990576901664e-10,5.79672475304849e-19,1.13255618638494e-09,1.74921522663644e-07,0.999995315924119,2.60711951795935e-16,7.08100762857246e-27,2.94197197815496e-28
"F160W09B.03",2.58731919183874e-37,1.83591581097563e-17,0.999994598446584,4.92443133836677e-54,1.06791576929146e-10,2.79757809010944e-06,2.62784116130748e-08,2.42758002581346e-06,5.69255456585398e-15,1.44266630195187e-07,5.74346006409338e-09,6.64315041713442e-16,2.29356743507872e-28
"F160WZ96.03",7.35213431202678e-50,1.84237745653065e-26,0.999931093849455,1.16732835542482e-70,2.60028876960476e-18,1.13508745759161e-08,3.03003496414307e-16,6.88063232405784e-05,6.58064165648068e-20,8.84764296708019e-08,1.24342779274612e-21,1.74251926282186e-18,4.52478221535799e-32
"G160QC4B.03",0.0419267074636089,2.82893899186672e-10,9.81519901544416e-39,0.958073292247926,2.61233878309712e-30,2.39447758251906e-34,1.58154854734922e-64,6.27526481564829e-22,5.57153937466765e-12,2.15849558437211e-27,1.76896605962504e-50,3.88995110053233e-58,4.13941422577569e-66
"G160QKHJ.03",0.791591569811983,0.208408419145671,1.18172986068984e-24,2.3848713563728e-11,1.74879266289063e-14,7.08409806969466e-25,1.76337102772546e-43,5.96435489575741e-19,1.10171375109299e-08,1.34211078725988e-12,5.32982807821497e-32,6.83777551980394e-45,2.03151068840143e-53
"G160S7KJ.03",6.49337637959246e-05,1.35047003050919e-12,1.68178436939084e-38,0.999935066234308,6.06987133125157e-27,2.27852178701244e-34,2.2259869436049e-58,3.72818103344596e-24,5.45770089668133e-13,8.51211200271463e-30,3.23381282886349e-41,8.63606614932316e-57,2.43769677866628e-60
"G160SRKH.03",3.05360173759499e-45,7.5613076681832e-24,0.997126327120543,8.42277296049384e-67,1.46703248397084e-13,2.25393169627804e-06,1.17171596957814e-15,0.000311508736372848,2.0775634126287e-15,0.00255990800872368,1.06305342113999e-22,3.9828565873435e-15,2.20251063449613e-09
"G160T2M4.03",8.51091885984841e-45,1.60026297604178e-25,2.0034418904348e-05,1.73719443021159e-61,2.41601809442096e-25,2.49990076936169e-07,3.72427740203849e-28,0.99997930693856,2.09279819157874e-15,4.08652363196072e-07,3.25648633660407e-36,9.33178880721057e-14,5.12354031054885e-17
"G160T7SF.03",0.371848418233044,0.000310276686264365,2.36852887139483e-25,0.627841201764851,1.85440494085644e-18,1.93088504732413e-27,4.77965268386535e-47,2.92450812488864e-20,1.03315840879272e-07,4.52440585669552e-18,9.21469725807577e-37,1.70037409062963e-50,4.58879275673511e-54
"G160TL1J.03",2.18879370738792e-16,4.49492668132964e-08,1.79083319237811e-12,1.14162086527798e-18,0.999839986167767,2.81997466447853e-15,3.133228353354e-17,2.41542715955529e-18,5.67381582134891e-09,6.34156564201889e-13,0.000159963206722607,3.51002487323797e-29,8.93682044746268e-32
"G160TS8B.03",0.999794491354479,0.000187766018928085,4.25647307761347e-30,1.7739157817408e-05,5.36618946033057e-22,2.08600570797187e-29,3.27014902599549e-53,9.38909370144402e-23,3.4687759941426e-09,2.22234610131068e-18,2.05701065850717e-43,4.55665626784337e-54,2.95943555763473e-60
"G160TT11.03",3.83344816485337e-52,1.53542745289208e-28,0.999408519282079,4.0927052504912e-71,2.34474318837808e-13,0.000591340620001197,1.00076907166657e-07,3.75526913625887e-08,4.44960726933542e-20,2.45534679869115e-09,9.91663718159453e-18,1.27402621496294e-11,4.70738811396025e-23
"G160TTWT.03",0.978103378899098,0.0218539100156112,1.04788094508725e-28,6.82596064469943e-11,3.36634990095368e-20,5.77245218716823e-24,1.27929161102109e-53,1.82658115929898e-12,4.27109532478349e-05,6.19570076952826e-11,1.2264780453115e-44,2.46589461350349e-48,2.17613901489857e-47
"G160TZJT.03",1.68113538123771e-59,4.71861383970081e-35,0.993204732789292,3.71757906522462e-70,6.73391047741415e-13,1.8742366372047e-05,0.00677651290644206,2.20032976518663e-11,2.47748406373534e-22,2.94697267089422e-15,1.17560196143205e-09,1.07396126027825e-08,7.99401452159209e-22
"G160VTLL.03",1.76050768871277e-12,0.00346381651170748,0.000131050117426219,3.19046030672211e-34,3.11823468621162e-05,1.45599153909258e-06,4.36769187163726e-23,0.0226574297280284,0.964014562893697,0.00970050240897883,5.12288796663755e-19,1.19505710805828e-24,9.17051019470846e-29
"G160W1ZG.03",7.59886521589863e-28,3.5277942460478e-13,6.15870714216519e-05,1.03172722006812e-44,5.22569367659118e-17,9.48336267869029e-09,3.28604968511894e-28,0.9518082341078,5.46440904791491e-11,0.0481301692824186,3.27582473131406e-29,2.77170255588411e-26,1.38242047373434e-33
"H160SFDH.03",0.452904539876731,4.28576870074946e-08,3.09807620414901e-36,0.547095416291797,7.30835321314798e-26,1.33782303022255e-33,3.15114568675978e-61,3.15918882008877e-21,9.7378465826579e-10,1.79516406489146e-25,1.20599493348426e-45,1.2515323993461e-56,3.81112187790532e-62
"H160STV8.03",0.999267703088833,0.000724362938974304,1.75359141188488e-26,5.61729333525498e-06,8.70932944018679e-17,1.18836991593481e-25,2.97439345809365e-47,1.16362953368447e-15,2.31667885448177e-06,1.60285969213853e-15,1.78217617291764e-32,8.47941141139577e-48,1.58948629496081e-50
"H160THMR.03",6.69707248496635e-42,3.34733676020092e-23,0.99867699250637,4.43936284645326e-60,4.10403782194267e-08,0.00132030205399166,1.07621829079003e-07,1.08844190742046e-06,2.57600152240531e-13,1.46828979813566e-06,1.80394911187281e-14,4.54501223731725e-11,2.68511111188731e-18
"H160TJ5P.03",0.999971300812254,2.43636041732275e-05,1.68865730721391e-32,4.324698391421e-06,5.91856008409986e-24,4.99910187249728e-29,7.57107510559633e-58,6.08193895329508e-22,1.08851813609634e-08,3.67665559019507e-19,7.3796588247862e-45,9.36029188335725e-56,6.20649923088625e-64
"H160TQQ3.03",0.848195450726533,0.151801963118994,1.09072504217013e-23,2.50654405920676e-06,2.92969222790001e-16,1.52641689110906e-26,3.18147992894414e-46,1.00091553993853e-18,7.96069984962283e-08,3.41469327810441e-12,5.56893561554229e-38,4.87127708400681e-51,3.60404527366206e-55
"H160TVHF.03",1.29940971644371e-05,3.13596886451535e-13,1.97278391824965e-40,0.999987005902499,6.08881505022671e-31,5.79740520376e-36,7.04490321840334e-65,5.82724628114428e-26,2.33030301149711e-14,4.2845258487586e-31,1.31405954938363e-48,4.65365250855327e-60,6.27962260747894e-69
"H160WCL7.03",8.135716470367e-62,1.34218740496571e-37,0.996419448750679,4.89099794860914e-80,9.66076754200273e-20,0.00293908106625238,8.2882583431941e-13,0.000182987219308821,7.43930931234784e-20,1.82425390563097e-14,1.67010030469754e-22,0.000458482962912562,1.49410812987638e-30
"H160WN08.03",1.07371979863298e-52,4.82584869933956e-35,2.208312798447e-06,6.97768572259785e-66,1.40676929855997e-27,0.000925002211799597,1.46850318488641e-24,0.99783812942145,8.08984204066273e-16,3.1726225606298e-16,2.07286342114477e-36,0.00123466005395038,9.3005792818064e-40
"H160WS9F.03",1.67627218791329e-43,6.66320358386123e-24,0.998197501178652,2.22874377787592e-61,2.20951920685934e-06,0.00175471195923868,4.29208449897063e-05,3.65096646031993e-08,3.4414141760919e-12,4.66529485068036e-08,2.57333182867644e-06,2.91376734487271e-14,4.37436771745865e-22
"H160X0M4.03",3.3459399626944e-73,2.46487736464828e-43,0.86643109520903,1.30459736010674e-92,1.47685673364739e-20,0.131379787512103,1.65033449923649e-08,2.38923217446389e-08,8.41283504477632e-25,3.32044446099766e-17,1.61255837361153e-18,0.00218907688319992,2.53710907423917e-29
"J160T03M.03",3.10119032432043e-22,1.15153411826723e-14,4.2863824238311e-13,1.09822382946486e-22,4.84008808703906e-14,7.58308307693242e-05,9.37712693823877e-27,0.00309582773512468,0.996828341433597,2.15205365381706e-15,3.72304032779405e-21,1.84274152770882e-14,2.23924254896576e-24
"J160T0QK.03",1.87849422810764e-05,2.00450973675385e-13,1.27887145331546e-40,0.99998121505747,2.95384193378834e-31,7.58882768353107e-36,2.35943453906588e-65,6.68185569916529e-25,4.85632708052082e-14,2.12407036380275e-30,1.32749305992989e-49,1.70662887074924e-59,1.64052824646278e-67
"J160T95F.03",1.9371172455057e-47,2.6518450278499e-27,4.24869876515567e-05,1.30292945948827e-61,1.40975654867606e-25,2.43857876190987e-08,2.19095469572069e-29,0.99995748825626,9.6328540111454e-17,3.70299232405927e-10,8.16838550334085e-36,1.99777268424576e-15,1.17251970354345e-17
"J160TLZ3.03",0.963404411876257,0.0365953860471011,3.43655251673705e-29,3.66965020275165e-13,6.91877560039933e-21,1.69486949647945e-27,2.95281025086245e-55,9.83664867015198e-17,2.02074581280695e-07,1.69397622876379e-12,2.91192369977044e-44,1.4633565646183e-52,8.8135883870765e-58
"J160TN7P.03",0.0940933416582857,0.905905771744831,5.11327920768836e-25,8.85707282240644e-15,3.63839975036643e-16,6.17200983458624e-25,4.14927329046558e-47,3.29442509342093e-16,8.85531215297773e-07,1.06565800129195e-09,7.21761958004206e-39,1.88694140479606e-48,1.25671571973818e-50
"J160TNS1.03",0.86622089817146,0.0114686591827346,4.517111545026e-21,8.70423082607824e-12,1.04816456700234e-18,5.03324961275627e-18,3.00637279685115e-48,2.03723863568814e-06,0.12230840519344,2.05025404512374e-10,3.54639570039428e-38,2.01817432577629e-40,2.30926782090284e-47
"J160TQF7.03",7.60679433690572e-44,1.3021668883464e-24,0.991466485853532,6.08502410922411e-62,7.89473293670359e-09,0.00852855551887048,1.06265273578052e-08,4.83808379349038e-06,7.37819053240411e-15,1.02022455796852e-07,1.99598080734734e-16,8.05924983523191e-14,7.49290011699388e-19
"J160TQMD.03",0.454906914284551,0.545002668917471,9.14386653563516e-25,5.50582910821147e-14,1.0226332217082e-15,1.07485960286966e-21,2.94772345259392e-47,7.75895727690608e-12,9.04099686379615e-05,6.82152406626893e-09,6.09556196743557e-39,1.43348542626337e-44,5.15793489634653e-43
"J160TT1Y.03",5.87409621573223e-39,7.35168114905798e-21,0.00953922821005317,1.25686719954523e-52,1.30914250264654e-11,0.970072934578723,1.00402406265929e-13,0.0203618335225988,1.97751851135848e-09,2.98979336446306e-07,3.48642449532667e-21,2.57027185784461e-05,1.22461348071631e-20
"J160TYND.03",0.000591137713982218,0.965729956881866,4.9833481822242e-12,1.18157597581084e-17,3.48696008634171e-09,6.29775241815343e-15,1.59051404426659e-31,7.28556602916848e-07,0.0334398437202502,0.000238329635348817,2.06600144618249e-25,3.03212513960446e-32,1.12944729080875e-36
"J160TZG3.03",0.952997470997896,0.0469603342045521,9.97753945860678e-25,4.01580938800374e-05,1.23527270212847e-17,1.97616333834931e-25,3.97450926394032e-51,3.46959149642644e-16,2.03670289069297e-06,7.80938764681222e-13,2.66218256446658e-39,8.49479512751726e-50,2.59099568798598e-54
"J160V6Q5.03",2.13976322668586e-59,4.36635843696425e-35,0.999991510531563,6.37482049758824e-74,2.70565629928939e-17,8.48075780737246e-06,1.18062241622941e-09,3.85482303482453e-09,5.60107142608537e-22,6.59297029420924e-14,2.14991241436039e-19,3.67511777372389e-09,7.42783740886374e-30
"J160V6R2.03",2.75110210078851e-50,3.7952587611148e-30,0.00191473882070372,6.95947476745692e-63,5.38422454049247e-16,0.956491490899709,4.63167278218798e-14,0.003746156534599,7.15105866321771e-14,1.19850910831493e-11,2.9146656408526e-23,0.0378476137328847,1.49501027467182e-27
"J160V7F1.03",0.0429816743281636,0.957013129584398,6.11605764224459e-18,2.86135289939138e-10,1.01848066524476e-12,1.64864567056818e-21,6.67254037463933e-40,2.32488397360808e-14,5.05727269114807e-06,1.38527570372184e-07,4.58116434484446e-33,1.75287175364584e-44,6.71348546813036e-49
"J160W017.03",7.93792088547187e-69,1.96159137754124e-40,0.99998543861179,4.47899529005669e-82,1.94970700904995e-20,1.21724844596616e-05,3.25695249264432e-10,1.24198840346358e-09,1.72766251598527e-24,1.80914333884798e-17,6.86898375779171e-20,2.3873360667274e-06,5.51372542050104e-29
"K160QLY3.03",0.0572567411246194,0.942743246413136,1.73516540756657e-20,7.7610121603812e-13,6.43085349016233e-10,1.98577747469348e-23,6.08691448021544e-34,3.63448779752274e-21,1.14016874841874e-08,4.16695123230072e-10,1.2165756881645e-25,7.81482915814241e-43,6.10601009476733e-48
"K160SHMP.03",0.998422948778266,1.7851538365196e-07,1.40230709454193e-34,0.00157687071126988,6.58018313572695e-27,6.13830270943264e-30,4.4983557824772e-61,2.59820984233887e-18,1.99508027032141e-09,2.05170456165758e-21,5.18720006178903e-47,7.55064024368981e-54,3.96963534518654e-62
"K160SW80.03",0.86565590036832,9.80550494867667e-06,2.45233106053858e-32,0.134334081287117,4.11289605011529e-25,8.08574470167744e-28,4.48159371145119e-58,7.28670307978951e-17,2.12839614507957e-07,3.24686468213374e-20,1.70462466645587e-45,2.90674367439937e-52,1.94599603209189e-59
"K160SYDC.03",0.0208275268692897,0.979081637450799,2.33645340452452e-18,9.51711229406867e-12,1.57355400717003e-07,3.01092960359922e-21,4.95085008352356e-32,2.09398602776238e-15,9.06633725109021e-05,1.49424802909131e-08,5.73142405371337e-21,2.41542237262908e-40,1.35416193693859e-40
"K160T594.03",1.13804380660762e-36,2.39502234419216e-18,0.000478323775306559,9.47031804230592e-62,4.21599745791047e-15,1.11600907375116e-06,5.41711786486286e-24,0.998097564796899,4.67692125276691e-10,0.00142299495102457,8.02141445248014e-32,7.36901217577274e-21,4.04886349601027e-24
"K160TFKT.03",0.503156294272713,4.59449381464234e-09,2.53622857904127e-36,0.496843700559157,6.76341445181205e-28,5.82263657019488e-32,7.33001185389492e-62,7.58276818917297e-20,5.73636223709687e-10,3.56602897609638e-25,6.87423377949343e-48,4.63440061357773e-56,5.03483265617625e-62
"K160TL2F.03",6.72504748633095e-56,1.02138571233205e-28,0.999995113687535,1.24768208906254e-69,1.16844058168894e-11,4.52080193679022e-06,2.23040230106525e-08,2.49654984916725e-10,1.0924002326082e-21,4.50396596658404e-10,3.60733183188719e-10,5.17321437562317e-12,3.42128863066789e-07
"K160TQCT.03",2.23484478394107e-33,2.83002378547835e-17,0.993573837994658,1.58161105421536e-46,1.78008975821057e-06,0.00639942535258197,1.45096406758695e-06,2.30861886535644e-05,8.63003543385814e-11,4.18604951876614e-07,8.08788832560603e-12,7.10940216859484e-10,8.54087010376614e-21
"K160WCKB.03",7.58306105403934e-66,2.72190661474338e-38,0.00627448229920939,2.25982890479166e-84,2.91051370889431e-12,1.40421700747593e-06,0.988197532501434,1.09377668060629e-14,1.34909931094888e-23,1.0304409914557e-15,1.60988069359958e-11,0.00552658096332726,2.6968591850925e-25
"K160WS3N.03",4.0776655686615e-43,6.48270839981933e-27,0.728673543093235,3.73328956863254e-54,5.44768910403016e-11,0.269476786959855,4.14684107730572e-12,0.0018496674801441,9.22355475352849e-11,2.43833305687781e-10,3.62208336057106e-17,2.07207336294662e-09,1.08585206431819e-26
"A160SSTH.03",2.18666712370457e-09,0.989452034793845,6.57268753562717e-13,2.16640594955188e-21,1.79324480300643e-12,8.42674856117448e-18,4.69271152203439e-29,8.610724934638e-12,7.85606026012761e-07,0.0105471774024005,5.07372047744615e-27,3.2183692458868e-35,9.80476637001834e-38
"A160T15Q.03",2.20061214390055e-11,6.50555619322603e-05,4.21589460545181e-14,3.3674618867447e-23,1.12090562150901e-08,9.80216126874038e-11,6.01674771414265e-32,1.8370453723858e-06,0.997785818998486,0.00214727706508336,2.51234212306332e-28,3.72681627125496e-30,1.41679552574432e-32
"A160T6R0.03",2.11155271032915e-33,2.53515082468205e-15,0.999796033522901,1.15235907107514e-47,1.54644841165489e-06,0.000129703415037294,2.04657867036682e-09,9.43805063263697e-06,1.11980265944519e-10,6.32764044014659e-05,4.20863104942066e-14,1.26790698711854e-14,3.04529075707281e-23
"A160T6SC.03",2.65421060992415e-21,7.79423381153937e-10,1.23873946799984e-05,2.94689342617645e-34,7.99464709758044e-08,0.00105299072643769,1.43363572796043e-22,0.188471975652557,0.810042486736163,0.000420078331820428,2.2073242366648e-25,5.60843856635825e-17,4.32447160973946e-10
"A160TBJ9.03",3.21680462627857e-07,0.999945526329385,9.35843616143211e-18,1.52902075447296e-14,3.62469735736944e-07,2.25703608405976e-17,6.92125097121953e-32,9.87038689475962e-19,5.34742817183202e-05,3.15238683351277e-07,1.47330170647823e-24,6.02348854845057e-39,1.48133753205548e-38
"A160TG7Z.03",2.41234070606787e-42,2.91053051148155e-20,0.00709741019100321,6.69475335628596e-64,2.07748689336042e-15,2.10865861591567e-09,1.67131581264347e-15,1.22913217347548e-05,6.42708467011745e-16,0.992890296378593,6.14707748268734e-26,6.15883849172877e-15,9.5552191789451e-38
"A160TL9N.03",1.52390669368031e-34,3.07026594028074e-20,0.000205004333319088,2.63968683965259e-47,0.00509594590567374,4.51327808317769e-06,0.97095930352657,1.18298560616093e-13,2.25853628019225e-13,8.34586878883412e-13,0.0237352329546534,5.216823945694e-13,3.12936279825579e-24
"A160TMJQ.03",3.70921853823454e-09,0.0020833158278604,4.58904519383301e-12,1.68635363455908e-13,0.000442552987498042,8.30758227359517e-14,7.69898119380087e-28,2.79964712968859e-10,0.997474044320684,8.2869933868703e-08,8.90730277560273e-18,8.03469036933499e-31,2.4758288076897e-33
"A160TMSL.03",1.6730823083472e-43,1.28720714318202e-24,6.73989999116179e-16,2.04019229100186e-57,7.68188057415235e-12,1.27106739533991e-16,4.3344326689282e-21,2.65044502392904e-22,9.7111644008615e-22,2.43843793764615e-17,8.53406233983115e-17,8.19031581685287e-30,0.999999999992317
"A160TP6B.03",3.2584909804833e-47,8.44123424401289e-28,7.90081138333374e-07,2.91863888979931e-55,0.000180490046434704,0.9998183388274,2.01801398605274e-07,1.95334763654093e-15,8.81676986362223e-11,1.84742997533985e-20,1.79155424559367e-07,3.40946707917094e-14,6.56305423268345e-21
"A160TPMZ.03",1.92641869124365e-71,1.18328567182097e-45,5.98132319972852e-14,1.8489814259781e-80,5.72395196327416e-16,3.53480845285023e-12,0.00355523687109555,7.06369857970325e-27,5.24788163878282e-32,2.13963728005152e-29,0.996444763124976,3.33683357026351e-13,1.43687124201289e-40
"A160TQHD.03",1.3403750331946e-54,4.50613297375985e-36,5.21159267344682e-11,6.72681511877634e-59,3.43332003808539e-13,0.999999972035721,6.68506871910376e-15,5.83264464137575e-15,2.86110071778617e-12,1.04328990057181e-27,1.60090241962477e-18,2.79089461911197e-08,1.11900087361468e-34
"A160TTHK.03",4.86594531750033e-53,3.04002616379911e-33,2.94236238691739e-09,6.02374215480031e-64,2.86251287748342e-14,0.999999996877542,2.58206836390275e-16,1.36543025542616e-10,8.98341350747411e-12,2.09353473419065e-18,1.91398988120584e-20,3.45397290857515e-11,2.10674527705416e-25
"A160TWGJ.03",1.57958147593962e-47,5.12981901168602e-26,0.999547243966586,3.09685326766622e-64,3.34004216342387e-17,4.95545254274156e-08,1.11447633971517e-13,6.93329625955134e-05,6.09691029461798e-19,0.000383371555594916,8.52152806871611e-24,1.96058623928297e-09,2.02370843136378e-37
"A160TZPB.03",7.41909360754318e-43,7.63762628235502e-30,2.64688540310553e-09,2.29557931038948e-49,1.35612105725022e-09,0.999999951415164,1.52986916781123e-12,1.03232720044331e-11,4.58680227178676e-09,4.93873024550579e-21,1.97878847753318e-16,3.99831736686546e-08,9.47961375954412e-32
"A160VFX3.03",8.74990853286765e-28,2.58848868561611e-14,5.59164511848876e-05,2.53760435459499e-38,4.83477410663153e-13,6.75921088892242e-05,4.57565195067622e-21,0.999869703700319,2.86550978203345e-06,3.92014764654688e-06,6.76814060945169e-25,2.08166921773215e-09,7.19213272952002e-31
"A160VL66.03",2.14361858295433e-19,1.08318579777443e-11,1.64281297214806e-13,4.64466529496651e-26,1.50279981959965e-21,3.44561398773687e-08,5.88505379519623e-39,0.999997223960992,2.73488912123114e-06,6.68275116414656e-09,4.51500413592249e-35,4.34585573395443e-28,1.06152892384137e-45
"A160VYP3.03",0.000124961097753646,0.0522380339644444,2.37414265502119e-18,2.04665734129477e-06,9.42780032202237e-10,2.24610187803558e-14,4.28897356250372e-37,4.92813445802474e-10,0.947634956831423,1.34216371166881e-11,1.38811799151685e-23,7.47422365281037e-35,1.62735746047263e-32
"A160W2YK.03",7.60323265921401e-53,9.16339562529312e-31,0.999995619223955,1.72894772191478e-65,1.00861890084165e-12,4.36071841064723e-06,1.97249866869395e-08,2.8384393112493e-10,2.89164606320235e-16,3.63662497477825e-14,9.64667755690311e-17,4.7757922109674e-11,9.55571538408027e-29
"A160W3HV.03",9.95350668607102e-86,1.76135763044703e-54,3.13197318147996e-15,3.02863690834596e-96,2.61097016445701e-17,1.82391063178243e-12,0.999997804876537,4.09124025769275e-30,1.10104037006358e-37,4.56138412209654e-32,2.06937666173718e-06,1.25744974288856e-07,6.38870753529119e-33
"A160WB2W.03",8.0930428901437e-51,4.65820491638201e-33,1.58703338296561e-07,3.63514674320941e-62,6.86850032527981e-09,0.999999834415897,1.10655267832555e-11,4.04924267404203e-13,1.32791405706057e-14,7.93504311688398e-22,7.79407733712716e-13,1.3566701815087e-15,1.05294993534416e-23
"B160S6ZS.03",0.75213321411405,0.247409044101995,4.93934880302806e-25,5.08111941820277e-05,4.30878689765868e-17,5.59104137807292e-25,1.70721959260748e-51,1.67790632678019e-15,0.000406930587429903,2.34158956761e-12,1.28410352704972e-38,4.48317605076889e-47,5.78026512832443e-52
"B160SBRK.03",0.254422507592995,8.61254233677537e-09,3.079014775277e-38,0.745577483660099,6.78194233103432e-29,4.83749491519575e-35,2.68197510379966e-65,9.81342482847035e-22,1.34363737422696e-10,2.5908587223606e-26,3.54770956416611e-50,1.04676320081439e-58,3.0550314120402e-66
"B160SD4Z.03",0.992066137650164,2.72961917299891e-06,6.23976588785882e-32,0.00793091339772708,3.06224778308332e-20,3.43826179013886e-29,8.9350863714736e-54,3.84583531663576e-18,2.19332935911752e-07,2.76339194064443e-21,1.28780197581262e-35,1.69772752012209e-51,5.29213959773635e-54
"B160SDP4.03",0.072153452076458,0.922318075630931,1.83039230320028e-21,3.06921473722801e-06,3.60335442620458e-13,7.82465798814307e-23,6.44802496405699e-47,4.72728274851115e-15,0.00552540295446823,1.23040034589357e-10,6.95205717671359e-35,1.06141883543092e-44,2.53839442321992e-46
"B160SKGB.03",5.23259111395089e-24,5.39941229543793e-13,5.62492900983644e-08,7.72199477319113e-34,0.00659689397257098,0.192482245845178,1.60599940181581e-16,4.62471988448794e-10,0.800920803469723,3.20308461572478e-16,2.2504095981481e-13,7.5376287285029e-17,2.40330276496248e-26
"B160SKT2.03",0.999494083028882,1.46785488333648e-06,1.20731603876811e-32,0.000504437629195333,4.48310396262921e-24,1.75117741493875e-28,2.19871960465001e-58,3.08820338219796e-18,1.14870391325706e-08,1.52828602955138e-20,6.00817854260472e-44,3.51857901200952e-52,1.88315516649982e-60
"B160SYZM.03",5.7242086007235e-09,0.00329440006740634,4.00963041358714e-12,6.27873182242222e-19,0.996477944772341,1.91369564977788e-14,4.48157511990193e-20,5.77560354864778e-16,0.000227380851424214,2.68571848074928e-07,8.74217053622982e-12,1.16329330444412e-32,1.05782034423838e-32
"B160T3TK.03",1.36751159763817e-06,0.997608058729039,1.21495444421813e-13,7.10461959939832e-11,1.70436536876555e-09,3.83297446339345e-13,1.32208414631273e-32,1.39040247473913e-07,0.00239038398835923,4.89521646325738e-08,4.61222652682448e-20,2.1042456050037e-31,2.67540472025118e-12
"B160TC9F.03",1.44178795771665e-13,1.46938643301079e-09,2.08493342570022e-14,1.23824987775989e-20,1.25011162126468e-14,4.71013669081267e-10,1.99183560485926e-36,0.352547087698902,0.64745288379808,2.65624379197998e-08,1.30876928960088e-28,3.51099945973863e-30,2.22360599529899e-15
"B160TF38.03",3.88702516118018e-23,9.04012252498854e-12,3.92102684263992e-10,1.40525077918626e-31,1.94368179271538e-12,0.000234153087727971,1.5997388139561e-29,0.0473229601815925,0.95244284785422,3.84733731993634e-08,7.46172312114819e-28,5.84002892726022e-18,3.70984016802243e-16
"B160TLVJ.03",4.99814460966657e-16,2.06687025109256e-08,0.00132451669316149,2.13013328453906e-27,6.66851135970643e-07,1.04008008948137e-05,6.19912056112694e-20,0.869833923634798,0.128828058190909,2.41316039730722e-06,6.1298500018119e-18,1.26876144257142e-16,7.69563601440229e-19
"B160TSN1.03",3.44330560817175e-45,1.12479716145567e-27,1.81981991307621e-06,8.23291140837934e-56,3.4496030909486e-06,3.13158014102383e-05,0.999584956794324,5.1636775101099e-13,2.02790728765353e-16,3.73996276675948e-16,0.000378450886452407,7.09429237928899e-09,1.7899578085201e-22
"B160TXGX.03",7.97035678293823e-57,1.52114016141472e-33,2.38424022625995e-18,6.54735561773995e-71,3.52571034239071e-18,1.40429234370921e-19,5.99949798097954e-23,1.73290424207723e-23,2.1489676405275e-28,1.19844342434569e-21,4.60430703330323e-21,8.91878377681988e-30,1
"B160TY4Z.03",3.27605791598212e-47,1.51545304871152e-31,4.96092512824134e-07,5.7814170083676e-55,1.32717883360988e-06,0.999998166512877,4.3701266070444e-09,1.25539799660507e-13,2.51164534217519e-11,1.42025779475898e-21,5.82040688386211e-09,6.53767558007372e-16,8.07481289943986e-26
"B160V3H8.03",2.37832567481842e-09,0.839384278936502,8.38048939313782e-13,9.19346023208777e-18,4.74775113008467e-06,9.04578315727534e-12,6.09470229621336e-31,1.45935782086669e-10,0.160166527449566,0.000444443328656418,3.0986950007059e-23,2.69113317870189e-32,1.89227668252494e-32
"B160V5DV.03",6.40384319991059e-23,9.54351549220793e-11,1.54660758983482e-06,2.18346846152244e-36,3.07117165312934e-06,0.58080018945818,5.42615061229613e-21,0.0514404684807201,0.367754580456361,1.43682843053019e-07,1.00091885985467e-18,4.27880040597476e-11,4.42936349047807e-12
